000000262146.jpg 0 253 240 124 137 30 211 359 65 48 24 266 192 69 36
000000524291.jpg 16 295 278 226 266 16 92 280 185 107 0 43 100 86 200 29 52 131 36 189
000000524297.jpg 0 274 219 60 224 0 149 205 68 213 0 217 143 5 24 21 213 257 67 137
000000262159.jpg 61 215 267 91 178
000000000025.jpg 23 320 203 139 290 23 77 375 85 53
000000000072.jpg 23 273 246 281 324 23 162 231 227 369
000000000073.jpg 3 206 212 394 396 3 100 90 197 176
000000524366.jpg 3 143 285 67 58 0 144 264 38 57
000000262369.jpg 61 288 339 171 144 71 346 348 114 100
000000262371.jpg 15 208 147 251 195 24 192 270 384 280
000000262336.jpg 0 143 191 221 382 38 111 129 126 146
000000000194.jpg 43 361 387 65 56 53 208 222 415 374
000000262541.jpg 4 222 154 358 272
000000000400.jpg 16 304 122 63 51 8 208 197 415 310
000000262545.jpg 0 304 317 93 197 37 197 310 143 210
000000262544.jpg 9 347 333 13 58 9 236 328 15 64